		bio		bio		eve		eve		agg		agg		val		val		qua		qua		loc		loc		uni		uni		tim		tim		abi		abi		o
------------------------------------------------------------------------------------------
bio:   6612	    32	    168	    0	    64	    8	    0	    0	    200	    0	    4	    0	    0	    0	    0	    0	    40	    0	  556
bio:	468	    1060	 36	    0	    4	    28	    0	    0	    16	    0	    0	    0	    0	    0	    0	    0	    0	    0	  252
eve:	104	    4	    3872	0	    16	    0	    0	    0	    28	    0	    0	    0	    0	    0	    0	    0	    8	    0	 1120
eve:	  4	    8	    156	    52	    0	    4	    0	    0	    0	    0	    0	    0	    0	    0	    0	    0	    0	    8	  556
agg:	 56	    0	    8	    0	    1780	 12	    0	    0	    36	    0	    4	    0	    0	    0	    0	    0	    36	    0	  284
agg:	  8	    4	    16	    0	    80	    1212	0	    0	    0	    0	    0	    0	    0	    0	    0	    0	    4	    8	  148
val:	  4	    0	    0	    0	    0	    0	    56	    0	    4	    0	    0	    0	    0	    0	    0	    0	    0	    0	   88
val:	  0	    0	    0	    0	    0	    0	    0	    0	    0	    0	    0	    0	    0	    0	    0	    0	    0	    0	    4
qua:	 76	    4	    152	    4	    32	    4	    0	    0	    656	    0	    0	    0	    0	    0	    0	    0	    36	    0	  748
qua:	  0	    4	    28	    12	    0	    4	    0	    0	    4	    0	    0	    0	    0	    0	    0	    0	    0	    4	   60
loc:	  4	    0	    0	    0	    52	    0	    0	    0	    0	    0	    8	    0	    0	    0	    0	    0	    0	    0	   64
loc:	  0	    0	    0	    0	    8	    36	    0	    0	    0	    0	    8	    0	    0	    0	    0	    0	    0	    0	   32
uni:	  0	    0	    0	    0	    4	    0	    4	    0	    12	    0	    0	    0	    32	    0	    0	    0	    0	    0	   16
uni:	  0	    0	    0	    0	    0	    0	    0	    0	    0	    0	    0	    0	    0	    0	    0	    0	    0	    0	   28
tim:	  0	    0	    8	    0	    0	    0	    4	    0	    0	    0	    0	    0	    0	    0	    0	    0	    0	    0	  156
tim:	  0	    0	    0	    0	    0	    0	    0	    0	    0	    0	    0	    0	    8	    0	    0	    0	    0	    0	   80
abi:	 12	    0	    16	    0	    28	    0	    0	    0	    12	    0	    0	    0	    0	    0	    0	    0	    628	    4	   44
abi:	  4	    0	    4	    0	    0	    0	    0	    0	    0	    0	    0	    0	    0	    0	    0	    0	    80	    36	   20
o:	    100	    36	    344	    0	    80	    24	    40	    0	    52	    0	    0	    0	    0	    0	    40	    0	    12	    8	37976




